0.1000000000000000 -0.0113636363636364 -0.0429864129653202 0.0202591402380474
0.0999000000000000 -0.0113533048458951 -0.0429286591431947 0.0202220494514046
0.0998000000000000 -0.0113429714493544 -0.0428709271712213 0.0201849842725125
0.0997000000000000 -0.0113326361735019 -0.0428132170607727 0.0201479447137689
0.0996000000000000 -0.0113222990178247 -0.0427555288232392 0.0201109307875899
0.0995000000000000 -0.0113119599818099 -0.0426978624700291 0.0200739425064092
0.0994000000000000 -0.0113016190649445 -0.0426402180125682 0.0200369798826792
0.0993000000000000 -0.0112912762667152 -0.0425825954623004 0.0200000429288701
0.0992000000000000 -0.0112809315866085 -0.0425249948306873 0.0199631316574704
0.0991000000000000 -0.0112705850241106 -0.0424674161292085 0.0199262460809872
0.0990000000000000 -0.0112602365787079 -0.0424098593693614 0.0198893862119456
0.0989000000000000 -0.0112498862498862 -0.0423523245626617 0.0198525520628892
0.0988000000000000 -0.0112395340371314 -0.0422948117206428 0.0198157436463800
0.0987000000000000 -0.0112291799399290 -0.0422373208548565 0.0197789609749985
0.0986000000000000 -0.0112188239577644 -0.0421798519768726 0.0197422040613437
0.0985000000000000 -0.0112084660901229 -0.0421224050982791 0.0197054729180333
0.0984000000000000 -0.0111981063364895 -0.0420649802306822 0.0196687675577033
0.0983000000000000 -0.0111877446963489 -0.0420075773857066 0.0196320879930088
0.0982000000000000 -0.0111773811691859 -0.0419501965749950 0.0195954342366231
0.0981000000000000 -0.0111670157544850 -0.0418928378102088 0.0195588063012387
0.0980000000000000 -0.0111566484517304 -0.0418355011030276 0.0195222041995667
0.0979000000000000 -0.0111462792604062 -0.0417781864651495 0.0194856279443370
0.0978000000000000 -0.0111359081799963 -0.0417208939082912 0.0194490775482985
0.0977000000000000 -0.0111255352099845 -0.0416636234441880 0.0194125530242190
0.0976000000000000 -0.0111151603498542 -0.0416063750845938 0.0193760543848853
0.0975000000000000 -0.0111047835990888 -0.0415491488412810 0.0193395816431034
0.0974000000000000 -0.0110944049571715 -0.0414919447260409 0.0193031348116980
0.0973000000000000 -0.0110840244235852 -0.0414347627506836 0.0192667139035132
0.0972000000000000 -0.0110736419978126 -0.0413776029270377 0.0192303189314125
0.0971000000000000 -0.0110632576793364 -0.0413204652669510 0.0191939499082781
0.0970000000000000 -0.0110528714676390 -0.0412633497822900 0.0191576068470120
0.0969000000000000 -0.0110424833622026 -0.0412062564849404 0.0191212897605352
0.0968000000000000 -0.0110320933625091 -0.0411491853868065 0.0190849986617883
0.0967000000000000 -0.0110217014680405 -0.0410921364998122 0.0190487335637312
0.0966000000000000 -0.0110113076782783 -0.0410351098358999 0.0190124944793432
0.0965000000000000 -0.0110009119927041 -0.0409781054070316 0.0189762814216234
0.0964000000000000 -0.0109905144107990 -0.0409211232251883 0.0189400944035903
0.0963000000000000 -0.0109801149320441 -0.0408641633023704 0.0189039334382821
0.0962000000000000 -0.0109697135559205 -0.0408072256505975 0.0188677985387566
0.0961000000000000 -0.0109593102819086 -0.0407503102819086 0.0188316897180914
0.0960000000000000 -0.0109489051094891 -0.0406934172083620 0.0187956069893839
0.0959000000000000 -0.0109384980381422 -0.0406365464420357 0.0187595503657513
0.0958000000000000 -0.0109280890673481 -0.0405796979950269 0.0187235198603307
0.0957000000000000 -0.0109176781965867 -0.0405228718794525 0.0186875154862792
0.0956000000000000 -0.0109072654253377 -0.0404660681074492 0.0186515372567738
0.0955000000000000 -0.0108968507530808 -0.0404092866911730 0.0186155851850115
0.0954000000000000 -0.0108864341792952 -0.0403525276428000 0.0185796592842096
0.0953000000000000 -0.0108760157034603 -0.0402957909745258 0.0185437595676053
0.0952000000000000 -0.0108655953250548 -0.0402390766985658 0.0185078860484562
0.0951000000000000 -0.0108551730435577 -0.0401823848271555 0.0184720387400402
0.0950000000000000 -0.0108447488584475 -0.0401257153725501 0.0184362176556552
0.0949000000000000 -0.0108343227692027 -0.0400690683470250 0.0184004228086196
0.0948000000000000 -0.0108238947753014 -0.0400124437628753 0.0183646542122725
0.0947000000000000 -0.0108134648762218 -0.0399558416324166 0.0183289118799729
0.0946000000000000 -0.0108030330714416 -0.0398992619679842 0.0182931958251010
0.0945000000000000 -0.0107925993604386 -0.0398427047819340 0.0182575060610569
0.0944000000000000 -0.0107821637426901 -0.0397861700866419 0.0182218426012618
0.0943000000000000 -0.0107717262176734 -0.0397296578945042 0.0181862054591574
0.0942000000000000 -0.0107612867848657 -0.0396731682179374 0.0181505946482061
0.0941000000000000 -0.0107508454437437 -0.0396167010693787 0.0181150101818912
0.0940000000000000 -0.0107404021937843 -0.0395602564612854 0.0180794520737168
0.0939000000000000 -0.0107299570344639 -0.0395038344061355 0.0180439203372078
0.0938000000000000 -0.0107195099652587 -0.0394474349164278 0.0180084149859103
0.0937000000000000 -0.0107090609856451 -0.0393910580046812 0.0179729360333911
0.0936000000000000 -0.0106986100950988 -0.0393347036834358 0.0179374834932383
0.0935000000000000 -0.0106881572930956 -0.0392783719652522 0.0179020573790611
0.0934000000000000 -0.0106777025791110 -0.0392220628627117 0.0178666577044896
0.0933000000000000 -0.0106672459526205 -0.0391657763884167 0.0178312844831756
0.0932000000000000 -0.0106567874130992 -0.0391095125549902 0.0177959377287919
0.0931000000000000 -0.0106463269600220 -0.0390532713750765 0.0177606174550326
0.0930000000000000 -0.0106358645928637 -0.0389970528613407 0.0177253236756134
0.0929000000000000 -0.0106254003110989 -0.0389408570264691 0.0176900564042712
0.0928000000000000 -0.0106149341142021 -0.0388846838831689 0.0176548156547648
0.0927000000000000 -0.0106044660016473 -0.0388285334441688 0.0176196014408741
0.0926000000000000 -0.0105939959729087 -0.0387724057222185 0.0175844137764012
0.0925000000000000 -0.0105835240274600 -0.0387163007300892 0.0175492526751693
0.0924000000000000 -0.0105730501647748 -0.0386602184805734 0.0175141181510238
0.0923000000000000 -0.0105625743843267 -0.0386041589864849 0.0174790102178316
0.0922000000000000 -0.0105520966855887 -0.0385481222606592 0.0174439288894817
0.0921000000000000 -0.0105416170680341 -0.0384921083159531 0.0174088741798850
0.0920000000000000 -0.0105311355311355 -0.0384361171652452 0.0173738461029742
0.0919000000000000 -0.0105206520743658 -0.0383801488214357 0.0173388446727041
0.0918000000000000 -0.0105101666971973 -0.0383242032974465 0.0173038699030519
0.0917000000000000 -0.0104996793991023 -0.0382682806062211 0.0172689218080165
0.0916000000000000 -0.0104891901795530 -0.0382123807607252 0.0172340004016193
0.0915000000000000 -0.0104786990380211 -0.0381565037739462 0.0171991056979041
0.0914000000000000 -0.0104682059739784 -0.0381006496588934 0.0171642377109366
0.0913000000000000 -0.0104577109868964 -0.0380448184285982 0.0171293964548054
0.0912000000000000 -0.0104472140762463 -0.0379890100961140 0.0170945819436214
0.0911000000000000 -0.0104367152414994 -0.0379332246745166 0.0170597941915177
0.0910000000000000 -0.0104262144821265 -0.0378774621769035 0.0170250332126505
0.0909000000000000 -0.0104157117975983 -0.0378217226163950 0.0169902990211983
0.0908000000000000 -0.0104052071873854 -0.0377660060061334 0.0169555916313626
0.0907000000000000 -0.0103947006509581 -0.0377103123592834 0.0169209110573672
0.0906000000000000 -0.0103841921877865 -0.0376546416890324 0.0168862573134593
0.0905000000000000 -0.0103736817973407 -0.0375989940085900 0.0168516304139086
0.0904000000000000 -0.0103631694790902 -0.0375433693311885 0.0168170303730080
0.0903000000000000 -0.0103526552325048 -0.0374877676700828 0.0167824572050732
0.0902000000000000 -0.0103421390570538 -0.0374321890385507 0.0167479109244431
0.0901000000000000 -0.0103316209522062 -0.0373766334498924 0.0167133915454799
0.0900000000000000 -0.0103211009174312 -0.0373211009174312 0.0166788990825688
0.0899000000000000 -0.0103105789521974 -0.0372655914545132 0.0166444335501183
0.0898000000000000 -0.0103000550559736 -0.0372101050745076 0.0166099949625604
0.0897000000000000 -0.0102895292282280 -0.0371546417908062 0.0165755833343503
0.0896000000000000 -0.0102790014684288 -0.0370992016168244 0.0165411986799668
0.0895000000000000 -0.0102684717760441 -0.0370437845660004 0.0165068410139123
0.0894000000000000 -0.0102579401505416 -0.0369883906517958 0.0164725103507126
0.0893000000000000 -0.0102474065913890 -0.0369330198876953 0.0164382067049173
0.0892000000000000 -0.0102368710980536 -0.0368776722872071 0.0164039300910998
0.0891000000000000 -0.0102263336700028 -0.0368223478638627 0.0163696805238572
0.0890000000000000 -0.0102157943067034 -0.0367670466312172 0.0163354580178104
0.0889000000000000 -0.0102052530076224 -0.0367117686028492 0.0163012625876044
0.0888000000000000 -0.0101947097722263 -0.0366565137923607 0.0162670942479080
0.0887000000000000 -0.0101841645999817 -0.0366012822133777 0.0162329530134144
0.0886000000000000 -0.0101736174903546 -0.0365460738795497 0.0161988388988406
0.0885000000000000 -0.0101630684428112 -0.0364908888045502 0.0161647519189278
0.0884000000000000 -0.0101525174568173 -0.0364357270020765 0.0161306920884418
0.0883000000000000 -0.0101419645318387 -0.0363805884858497 0.0160966594221723
0.0882000000000000 -0.0101314096673406 -0.0363254732696151 0.0160626539349339
0.0881000000000000 -0.0101208528627884 -0.0362703813671419 0.0160286756415652
0.0880000000000000 -0.0101102941176471 -0.0362153127922238 0.0159947245569297
0.0879000000000000 -0.0100997334313816 -0.0361602675586784 0.0159608006959152
0.0878000000000000 -0.0100891708034566 -0.0361052456803476 0.0159269040734345
0.0877000000000000 -0.0100786062333364 -0.0360502471710978 0.0158930347044249
0.0876000000000000 -0.0100680397204855 -0.0359952720448197 0.0158591926038487
0.0875000000000000 -0.0100574712643678 -0.0359403203154287 0.0158253777866930
0.0874000000000000 -0.0100469008644473 -0.0358853919968645 0.0157915902679698
0.0873000000000000 -0.0100363285201876 -0.0358304871030916 0.0157578300627164
0.0872000000000000 -0.0100257542310523 -0.0357756056480993 0.0157240971859948
0.0871000000000000 -0.0100151779965045 -0.0357207476459015 0.0156903916528925
0.0870000000000000 -0.0100045998160074 -0.0356659131105369 0.0156567134785222
0.0869000000000000 -0.0099940196890238 -0.0356111020560695 0.0156230626780218
0.0868000000000000 -0.0099834376150166 -0.0355563144965878 0.0155894392665546
0.0867000000000000 -0.0099728535934481 -0.0355015504462057 0.0155558432593096
0.0866000000000000 -0.0099622676237806 -0.0354468099190623 0.0155222746715011
0.0865000000000000 -0.0099516797054763 -0.0353920929293216 0.0154887335183689
0.0864000000000000 -0.0099410898379971 -0.0353373994911731 0.0154552198151789
0.0863000000000000 -0.0099304980208046 -0.0352827296188316 0.0154217335772224
0.0862000000000000 -0.0099199042533604 -0.0352280833265375 0.0153882748198167
0.0861000000000000 -0.0099093085351257 -0.0351734606285564 0.0153548435583050
0.0860000000000000 -0.0098987108655617 -0.0351188615391798 0.0153214398080564
0.0859000000000000 -0.0098881112441293 -0.0350642860727247 0.0152880635844661
0.0858000000000000 -0.0098775096702892 -0.0350097342435338 0.0152547149029554
0.0857000000000000 -0.0098669061435019 -0.0349552060659757 0.0152213937789719
0.0856000000000000 -0.0098563006632277 -0.0349007015544449 0.0151881002279894
0.0855000000000000 -0.0098456932289268 -0.0348462207233618 0.0151548342655082
0.0854000000000000 -0.0098350838400590 -0.0347917635871728 0.0151215959070548
0.0853000000000000 -0.0098244724960841 -0.0347373301603505 0.0150883851681824
0.0852000000000000 -0.0098138591964615 -0.0346829204573937 0.0150552020644707
0.0851000000000000 -0.0098032439406506 -0.0346285344928275 0.0150220466115262
0.0850000000000000 -0.0097926267281106 -0.0345741722812032 0.0149889188249819
0.0849000000000000 -0.0097820075583003 -0.0345198338370985 0.0149558187204979
0.0848000000000000 -0.0097713864306785 -0.0344655191751180 0.0149227463137610
0.0847000000000000 -0.0097607633447036 -0.0344112283098924 0.0148897016204852
0.0846000000000000 -0.0097501382998341 -0.0343569612560793 0.0148566846564112
0.0845000000000000 -0.0097395112955279 -0.0343027180283631 0.0148236954373073
0.0844000000000000 -0.0097288823312431 -0.0342484986414548 0.0147907339789686
0.0843000000000000 -0.0097182514064374 -0.0341943031100925 0.0147578002972178
0.0842000000000000 -0.0097076185205682 -0.0341401314490412 0.0147248944079048
0.0841000000000000 -0.0096969836730929 -0.0340859836730929 0.0146920163269071
0.0840000000000000 -0.0096863468634687 -0.0340318597970669 0.0146591660701296
0.0839000000000000 -0.0096757080911523 -0.0339777598358096 0.0146263436535049
0.0838000000000000 -0.0096650673556007 -0.0339236838041948 0.0145935490929934
0.0837000000000000 -0.0096544246562702 -0.0338696317171235 0.0145607824045831
0.0836000000000000 -0.0096437799926172 -0.0338156035895244 0.0145280436042900
0.0835000000000000 -0.0096331333640979 -0.0337615994363537 0.0144953327081580
0.0834000000000000 -0.0096224847701680 -0.0337076192725950 0.0144626497322590
0.0833000000000000 -0.0096118342102834 -0.0336536631132600 0.0144299946926931
0.0832000000000000 -0.0096011816838996 -0.0335997309733879 0.0143973676055887
0.0831000000000000 -0.0095905271904718 -0.0335458228680459 0.0143647684871023
0.0830000000000000 -0.0095798707294552 -0.0334919388123292 0.0143321973534187
0.0829000000000000 -0.0095692123003047 -0.0334380788213610 0.0142996542207515
0.0828000000000000 -0.0095585519024751 -0.0333842429102927 0.0142671391053425
0.0827000000000000 -0.0095478895354207 -0.0333304310943038 0.0142346520234623
0.0826000000000000 -0.0095372251985960 -0.0332766433886023 0.0142021929914102
0.0825000000000000 -0.0095265588914550 -0.0332228798084244 0.0141697620255144
0.0824000000000000 -0.0095158906134516 -0.0331691403690349 0.0141373591421317
0.0822999999999990 -0.0095052203640394 -0.0331154250857266 0.0141049843576478
0.0821999999999990 -0.0094945481426722 -0.0330617339738227 0.0140726376884783
0.0820999999999990 -0.0094838739488031 -0.0330080670486733 0.0140403191510671
0.0819999999999990 -0.0094731977818853 -0.0329544243256581 0.0140080287618875
0.0818999999999990 -0.0094625196413715 -0.0329008058201854 0.0139757665374424
0.0817999999999990 -0.0094518395267146 -0.0328472115476930 0.0139435324942638
0.0816999999999990 -0.0094411574373670 -0.0327936415236474 0.0139113266489134
0.0815999999999990 -0.0094304733727809 -0.0327400957635444 0.0138791490179825
0.0814999999999990 -0.0094197873324086 -0.0326865742829091 0.0138469996180919
0.0813999999999990 -0.0094090993157017 -0.0326330770972959 0.0138148784658924
0.0812999999999990 -0.0093984093221121 -0.0325796042222889 0.0137827855780646
0.0811999999999990 -0.0093877173510913 -0.0325261556735014 0.0137507209713189
0.0810999999999990 -0.0093770234020903 -0.0324727314665767 0.0137186846623960
0.0809999999999990 -0.0093663274745605 -0.0324193316171875 0.0136866766680666
0.0808999999999990 -0.0093556295679525 -0.0323659561410366 0.0136546970051316
0.0807999999999990 -0.0093449296817171 -0.0323126050538565 0.0136227456904223
0.0806999999999990 -0.0093342278153048 -0.0322592783714100 0.0135908227408005
0.0805999999999990 -0.0093235239681657 -0.0322059761094896 0.0135589281731582
0.0804999999999990 -0.0093128181397500 -0.0321526982839185 0.0135270620044185
0.0803999999999990 -0.0093021103295074 -0.0320994449105496 0.0134952242515347
0.0802999999999990 -0.0092914005368878 -0.0320462160052668 0.0134634149314912
0.0801999999999990 -0.0092806887613404 -0.0319930115839840 0.0134316340613033
0.0800999999999990 -0.0092699750023145 -0.0319398316626461 0.0133998816580171
0.0799999999999990 -0.0092592592592591 -0.0318866762572282 0.0133681577387100
0.0798999999999990 -0.0092485415316232 -0.0318335453837367 0.0133364623204903
0.0797999999999990 -0.0092378218188552 -0.0317804390582083 0.0133047954204979
0.0796999999999990 -0.0092271001204037 -0.0317273572967113 0.0132731570559039
0.0795999999999990 -0.0092163764357168 -0.0316743001153445 0.0132415472439109
0.0794999999999990 -0.0092056507642426 -0.0316212675302381 0.0132099660017530
0.0793999999999990 -0.0091949231054288 -0.0315682595575537 0.0131784133466961
0.0792999999999990 -0.0091841934587231 -0.0315152762134841 0.0131468892960378
0.0791999999999990 -0.0091734618235729 -0.0314623175142534 0.0131153938671076
0.0790999999999990 -0.0091627281994253 -0.0314093834761176 0.0130839270772670
0.0789999999999990 -0.0091519925857274 -0.0313564741153642 0.0130524889439094
0.0788999999999990 -0.0091412549819259 -0.0313035894483124 0.0130210794844606
0.0787999999999990 -0.0091305153874674 -0.0312507294913133 0.0129896987163784
0.0786999999999990 -0.0091197738017983 -0.0311978942607500 0.0129583466571534
0.0785999999999990 -0.0091090302243648 -0.0311450837730377 0.0129270233243082
0.0784999999999990 -0.0090982846546128 -0.0310922980446237 0.0128957287353982
0.0783999999999990 -0.0090875370919880 -0.0310395370919876 0.0128644629080116
0.0782999999999990 -0.0090767875359361 -0.0309868009316413 0.0128332258597691
0.0781999999999990 -0.0090660359859023 -0.0309340895801292 0.0128020176083246
0.0780999999999990 -0.0090552824413319 -0.0308814030540285 0.0127708381713648
0.0779999999999990 -0.0090445269016696 -0.0308287413699488 0.0127396875666095
0.0778999999999990 -0.0090337693663604 -0.0307761045445325 0.0127085658118117
0.0777999999999990 -0.0090230098348486 -0.0307234925944552 0.0126774729247579
0.0776999999999990 -0.0090122483065787 -0.0306709055364252 0.0126464089232678
0.0775999999999990 -0.0090014847809947 -0.0306183433871840 0.0126153738251947
0.0774999999999990 -0.0089907192575405 -0.0305658061635064 0.0125843676484254
0.0773999999999990 -0.0089799517356598 -0.0305132938822004 0.0125533904108808
0.0772999999999990 -0.0089691822147961 -0.0304608065601075 0.0125224421305153
0.0771999999999990 -0.0089584106943927 -0.0304083442141028 0.0124915228253173
0.0770999999999990 -0.0089476371738927 -0.0303559068610950 0.0124606325133095
0.0769999999999990 -0.0089368616527390 -0.0303034945180264 0.0124297712125485
0.0768999999999990 -0.0089260841303741 -0.0302511072018735 0.0123989389411253
0.0767999999999990 -0.0089153046062406 -0.0301987449296465 0.0123681357171654
0.0766999999999990 -0.0089045230797807 -0.0301464077183899 0.0123373615588285
0.0765999999999990 -0.0088937395504364 -0.0300940955851822 0.0123066164843094
0.0764999999999990 -0.0088829540176497 -0.0300418085471364 0.0122759005118371
0.0763999999999990 -0.0088721664808620 -0.0299895466213999 0.0122452136596758
0.0762999999999990 -0.0088613769395149 -0.0299373098251544 0.0122145559461247
0.0761999999999990 -0.0088505853930495 -0.0298850981756167 0.0121839273895177
0.0760999999999990 -0.0088397918409069 -0.0298329116900380 0.0121533280082243
0.0759999999999990 -0.0088289962825278 -0.0297807503857045 0.0121227578206490
0.0758999999999990 -0.0088181987173528 -0.0297286142799374 0.0120922168452319
0.0757999999999990 -0.0088073991448223 -0.0296765033900932 0.0120617051004485
0.0756999999999990 -0.0087965975643766 -0.0296244177335633 0.0120312226048102
0.0755999999999990 -0.0087857939754554 -0.0295723573277747 0.0120007693768638
0.0754999999999990 -0.0087749883774987 -0.0295203221901898 0.0119703454351923
0.0753999999999990 -0.0087641807699460 -0.0294683123383065 0.0119399507984146
0.0752999999999990 -0.0087533711522364 -0.0294163277896585 0.0119095854851856
0.0751999999999990 -0.0087425595238094 -0.0293643685618153 0.0118792495141965
0.0750999999999990 -0.0087317458841037 -0.0293124346723824 0.0118489429041751
0.0749999999999990 -0.0087209302325580 -0.0292605261390013 0.0118186656738853
0.0748999999999990 -0.0087101125686109 -0.0292086429793497 0.0117884178421279
0.0747999999999990 -0.0086992928917006 -0.0291567852111415 0.0117581994277403
0.0746999999999990 -0.0086884712012653 -0.0291049528521273 0.0117280104495966
0.0745999999999990 -0.0086776474967428 -0.0290531459200939 0.0116978509266083
0.0744999999999990 -0.0086668217775708 -0.0290013644328651 0.0116677208777235
0.0743999999999990 -0.0086559940431868 -0.0289496084083013 0.0116376203219278
0.0742999999999990 -0.0086451642930279 -0.0288978778642999 0.0116075492782441
0.0741999999999990 -0.0086343325265313 -0.0288461728187952 0.0115775077657327
0.0740999999999990 -0.0086234987431337 -0.0287944932897589 0.0115474958034915
0.0739999999999990 -0.0086126629422718 -0.0287428392951998 0.0115175134106563
0.0738999999999990 -0.0086018251233820 -0.0286912108531643 0.0114875606064004
0.0737999999999990 -0.0085909852859004 -0.0286396079817363 0.0114576374099354
0.0736999999999990 -0.0085801434292632 -0.0285880306990372 0.0114277438405108
0.0735999999999990 -0.0085692995529060 -0.0285364790232264 0.0113978799174144
0.0734999999999990 -0.0085584536562644 -0.0284849529725012 0.0113680456599723
0.0733999999999990 -0.0085476057387739 -0.0284334525650969 0.0113382410875492
0.0732999999999990 -0.0085367557998694 -0.0283819778192872 0.0113084662195483
0.0731999999999990 -0.0085259038389861 -0.0283305287533838 0.0112787210754117
0.0730999999999990 -0.0085150498555585 -0.0282791053857372 0.0112490056746201
0.0729999999999990 -0.0085041938490213 -0.0282277077347361 0.0112193200366935
0.0728999999999990 -0.0084933358188087 -0.0281763358188083 0.0111896641811909
0.0727999999999990 -0.0084824757643548 -0.0281249896564203 0.0111600381277106
0.0726999999999990 -0.0084716136850936 -0.0280736692660775 0.0111304418958904
0.0725999999999990 -0.0084607495804586 -0.0280223746663246 0.0111008755054075
0.0724999999999990 -0.0084498834498833 -0.0279711058757455 0.0110713389759788
0.0723999999999990 -0.0084390152928011 -0.0279198629129634 0.0110418323273613
0.0722999999999990 -0.0084281451086448 -0.0278686457966411 0.0110123555793515
0.0721999999999990 -0.0084172728968475 -0.0278174545454812 0.0109829087517862
0.0720999999999990 -0.0084063986568416 -0.0277662891782258 0.0109534918645427
0.0719999999999990 -0.0083955223880596 -0.0277151497136574 0.0109241049375382
0.0718999999999990 -0.0083846440899336 -0.0276640361705980 0.0108947479907307
0.0717999999999990 -0.0083737637618958 -0.0276129485679104 0.0108654210441189
0.0716999999999990 -0.0083628814033777 -0.0275618869244974 0.0108361241177420
0.0715999999999990 -0.0083519970138110 -0.0275108512593024 0.0108068572316804
0.0714999999999990 -0.0083411105926270 -0.0274598415913096 0.0107776204060555
0.0713999999999990 -0.0083302221392569 -0.0274088579395437 0.0107484136610299
0.0712999999999990 -0.0083193316531316 -0.0273579003230706 0.0107192370168075
0.0711999999999990 -0.0083084391336817 -0.0273069687609972 0.0106900904936338
0.0710999999999990 -0.0082975445803379 -0.0272560632724716 0.0106609741117959
0.0709999999999990 -0.0082866479925302 -0.0272051838766832 0.0106318878916228
0.0708999999999990 -0.0082757493696889 -0.0271543305928631 0.0106028318534852
0.0707999999999990 -0.0082648487112438 -0.0271035034402839 0.0105738060177963
0.0706999999999990 -0.0082539460166245 -0.0270527024382601 0.0105448104050111
0.0705999999999990 -0.0082430412852605 -0.0270019276061481 0.0105158450356272
0.0704999999999990 -0.0082321345165809 -0.0269511789633465 0.0104869099301847
0.0703999999999990 -0.0082212257100148 -0.0269004565292961 0.0104580051092664
0.0702999999999990 -0.0082103148649910 -0.0268497603234800 0.0104291305934980
0.0701999999999990 -0.0081994019809380 -0.0267990903654241 0.0104002864035480
0.0700999999999990 -0.0081884870572842 -0.0267484466746968 0.0103714725601283
0.0699999999999990 -0.0081775700934578 -0.0266978292709096 0.0103426890839939
0.0698999999999990 -0.0081666510888867 -0.0266472381737167 0.0103139359959433
0.0697999999999990 -0.0081557300429986 -0.0265966734028157 0.0102852133168186
0.0696999999999990 -0.0081448069552210 -0.0265461349779476 0.0102565210675057
0.0695999999999990 -0.0081338818249812 -0.0264956229188967 0.0102278592689343
0.0694999999999990 -0.0081229546517063 -0.0264451372454909 0.0101992279420784
0.0693999999999990 -0.0081120254348232 -0.0263946779776022 0.0101706271079559
0.0692999999999990 -0.0081010941737584 -0.0263442451351462 0.0101420567876294
0.0691999999999990 -0.0080901608679385 -0.0262938387380830 0.0101135170022059
0.0690999999999990 -0.0080792255167897 -0.0262434588064165 0.0100850077728371
0.0689999999999990 -0.0080682881197380 -0.0261931053601955 0.0100565291207195
0.0688999999999990 -0.0080573486762091 -0.0261427784195131 0.0100280810670950
0.0687999999999990 -0.0080464071856286 -0.0260924780045073 0.0099996636332501
0.0686999999999990 -0.0080354636474220 -0.0260422041353611 0.0099712768405171
0.0685999999999990 -0.0080245180610143 -0.0259919568323024 0.0099429207102738
0.0684999999999990 -0.0080135704258305 -0.0259417361156044 0.0099145952639434
0.0683999999999990 -0.0080026207412953 -0.0258915420055858 0.0098863005229953
0.0682999999999990 -0.0079916690068332 -0.0258413745226109 0.0098580365089446
0.0681999999999990 -0.0079807152218685 -0.0257912336870897 0.0098298032433528
0.0680999999999990 -0.0079697593858252 -0.0257411195194780 0.0098016007478277
0.0679999999999990 -0.0079588014981272 -0.0256910320402780 0.0097734290440236
0.0678999999999990 -0.0079478415581982 -0.0256409712700380 0.0097452881536415
0.0677999999999990 -0.0079368795654616 -0.0255909372293525 0.0097171780984293
0.0676999999999990 -0.0079259155193405 -0.0255409299388630 0.0096890989001820
0.0675999999999990 -0.0079149494192580 -0.0254909494192576 0.0096610505807416
0.0674999999999990 -0.0079039812646369 -0.0254409956912714 0.0096330331619976
0.0673999999999990 -0.0078930110548996 -0.0253910687756864 0.0096050466658872
0.0672999999999990 -0.0078820387894686 -0.0253411686933323 0.0095770911143950
0.0671999999999990 -0.0078710644677660 -0.0252912954650859 0.0095491665295539
0.0670999999999990 -0.0078600880892136 -0.0252414491118720 0.0095212729334447
0.0669999999999990 -0.0078491096532332 -0.0251916296546629 0.0094934103481964
0.0668999999999990 -0.0078381291592463 -0.0251418371144791 0.0094655787959865
0.0667999999999990 -0.0078271466066741 -0.0250920715123893 0.0094377782990412
0.0666999999999990 -0.0078161619949376 -0.0250423328695105 0.0094100088796354
0.0665999999999990 -0.0078051753234576 -0.0249926212070084 0.0093822705600932
0.0664999999999990 -0.0077941865916548 -0.0249429365460972 0.0093545633627875
0.0663999999999990 -0.0077831957989496 -0.0248932789080402 0.0093268873101410
0.0662999999999990 -0.0077722029447621 -0.0248436483141498 0.0092992424246255
0.0661999999999990 -0.0077612080285124 -0.0247940447857876 0.0092716287287629
0.0660999999999990 -0.0077502110496200 -0.0247444683443648 0.0092440462451248
0.0659999999999990 -0.0077392120075046 -0.0246949190113422 0.0092164949963330
0.0658999999999990 -0.0077282109015854 -0.0246453968082304 0.0091889750050596
0.0657999999999990 -0.0077172077312816 -0.0245959017565901 0.0091614862940270
0.0656999999999990 -0.0077062024960119 -0.0245464338780324 0.0091340288860086
0.0655999999999990 -0.0076951951951951 -0.0244969931942185 0.0091066028038283
0.0654999999999990 -0.0076841858282495 -0.0244475797268605 0.0090792080703614
0.0653999999999990 -0.0076731743945935 -0.0243981934977212 0.0090518447085342
0.0652999999999990 -0.0076621608936449 -0.0243488345286144 0.0090245127413247
0.0651999999999990 -0.0076511453248215 -0.0242995028414052 0.0089972121917621
0.0650999999999990 -0.0076401276875410 -0.0242501984580099 0.0089699430829280
0.0649999999999990 -0.0076291079812206 -0.0242009214003967 0.0089427054379556
0.0648999999999990 -0.0076180862052774 -0.0241516716905854 0.0089154992800306
0.0647999999999990 -0.0076070623591284 -0.0241024493506478 0.0088883246323910
0.0646999999999990 -0.0075960364421902 -0.0240532544027079 0.0088611815183275
0.0645999999999990 -0.0075850084538793 -0.0240040868689423 0.0088340699611837
0.0644999999999990 -0.0075739783936119 -0.0239549467715799 0.0088069899843561
0.0643999999999990 -0.0075629462608041 -0.0239058341329027 0.0087799416112945
0.0642999999999990 -0.0075519120548716 -0.0238567489752455 0.0087529248655022
0.0641999999999990 -0.0075408757752301 -0.0238076913209965 0.0087259397705363
0.0640999999999990 -0.0075298374212949 -0.0237586611925972 0.0086989863500074
0.0639999999999990 -0.0075187969924811 -0.0237096586125428 0.0086720646275806
0.0638999999999990 -0.0075077544882037 -0.0236606836033824 0.0086451746269750
0.0637999999999990 -0.0074967099078773 -0.0236117361877190 0.0086183163719644
0.0636999999999990 -0.0074856632509165 -0.0235628163882101 0.0085914898863770
0.0635999999999990 -0.0074746145167355 -0.0235139242275674 0.0085646951940964
0.0634999999999990 -0.0074635637047484 -0.0234650597285578 0.0085379323190610
0.0633999999999990 -0.0074525108143689 -0.0234162229140025 0.0085112012852647
0.0632999999999990 -0.0074414558450107 -0.0233674138067783 0.0084845021167569
0.0631999999999990 -0.0074303987960872 -0.0233186324298171 0.0084578348376428
0.0630999999999990 -0.0074193396670115 -0.0232698788061066 0.0084311994720837
0.0629999999999990 -0.0074082784571965 -0.0232211529586901 0.0084045960442972
0.0628999999999990 -0.0073972151660550 -0.0231724549106671 0.0083780245785570
0.0627999999999990 -0.0073861497929995 -0.0231237846851931 0.0083514850991940
0.0626999999999990 -0.0073750823374423 -0.0230751423054802 0.0083249776305957
0.0625999999999990 -0.0073640127987953 -0.0230265277947973 0.0082985021972067
0.0624999999999990 -0.0073529411764705 -0.0229779411764701 0.0082720588235291
0.0623999999999990 -0.0073418674698794 -0.0229293824738814 0.0082456475341226
0.0622999999999990 -0.0073307916784335 -0.0228808517104716 0.0082192683536046
0.0621999999999990 -0.0073197138015439 -0.0228323489097384 0.0081929213066506
0.0620999999999990 -0.0073086338386215 -0.0227838740952375 0.0081666064179945
0.0619999999999990 -0.0072975517890771 -0.0227354272905828 0.0081403237124285
0.0618999999999990 -0.0072864676523212 -0.0226870085194463 0.0081140732148038
0.0617999999999990 -0.0072753814277641 -0.0226386178055586 0.0080878549500304
0.0616999999999990 -0.0072642931148158 -0.0225902551727092 0.0080616689430777
0.0615999999999990 -0.0072532027128861 -0.0225419206447465 0.0080355152189743
0.0614999999999990 -0.0072421102213847 -0.0224936142455782 0.0080093938028087
0.0613999999999990 -0.0072310156397210 -0.0224453359991715 0.0079833047197294
0.0612999999999990 -0.0072199189673041 -0.0223970859295533 0.0079572479949451
0.0611999999999990 -0.0072088202035431 -0.0223488640608107 0.0079312236537246
0.0610999999999990 -0.0071977193478465 -0.0223006704170908 0.0079052317213979
0.0609999999999990 -0.0071866163996229 -0.0222525050226013 0.0078792722233555
0.0608999999999990 -0.0071755113582806 -0.0222043679016105 0.0078533451850493
0.0607999999999990 -0.0071644042232276 -0.0221562590784478 0.0078274506319925
0.0606999999999990 -0.0071532949938719 -0.0221081785775040 0.0078015885897602
0.0605999999999990 -0.0071421836696209 -0.0220601264232310 0.0077757590839893
0.0604999999999990 -0.0071310702498820 -0.0220121026401427 0.0077499621403787
0.0603999999999990 -0.0071199547340625 -0.0219641072528151 0.0077241977846901
0.0602999999999990 -0.0071088371215693 -0.0219161402858862 0.0076984660427476
0.0601999999999990 -0.0070977174118090 -0.0218682017640565 0.0076727669404386
0.0600999999999990 -0.0070865956041882 -0.0218202917120896 0.0076471005037132
0.0599999999999990 -0.0070754716981131 -0.0217724101548118 0.0076214667585856
0.0598999999999990 -0.0070643456929898 -0.0217245571171129 0.0075958657311333
0.0597999999999990 -0.0070532175882241 -0.0216767326239462 0.0075702974474980
0.0596999999999990 -0.0070420873832216 -0.0216289367003287 0.0075447619338856
0.0595999999999990 -0.0070309550773876 -0.0215811693713418 0.0075192592165666
0.0594999999999990 -0.0070198206701273 -0.0215334306621310 0.0074937893218764
0.0593999999999990 -0.0070086841608457 -0.0214857205979066 0.0074683522762152
0.0592999999999990 -0.0069975455489473 -0.0214380392039437 0.0074429481060490
0.0591999999999990 -0.0069864048338368 -0.0213903865055826 0.0074175768379091
0.0590999999999990 -0.0069752620149182 -0.0213427625282291 0.0073922384983927
0.0589999999999990 -0.0069641170915957 -0.0212951672973549 0.0073669331141634
0.0588999999999990 -0.0069529700632731 -0.0212476008384974 0.0073416607119512
0.0587999999999990 -0.0069418209293539 -0.0212000631772605 0.0073164213185527
0.0586999999999990 -0.0069306696892414 -0.0211525543393147 0.0072912149608319
0.0585999999999990 -0.0069195163423388 -0.0211050743503972 0.0072660416657196
0.0584999999999990 -0.0069083608880490 -0.0210576232363126 0.0072409014602146
0.0583999999999990 -0.0068972033257747 -0.0210102010229328 0.0072157943713834
0.0582999999999990 -0.0068860436549182 -0.0209628077361973 0.0071907204263609
0.0581999999999990 -0.0068748818748818 -0.0209154434021139 0.0071656796523503
0.0580999999999990 -0.0068637179850675 -0.0208681080467585 0.0071406720766235
0.0579999999999990 -0.0068525519848770 -0.0208208016962757 0.0071156977265217
0.0578999999999990 -0.0068413838737120 -0.0207735243768791 0.0070907566294552
0.0577999999999990 -0.0068302136509736 -0.0207262761148513 0.0070658488129041
0.0576999999999990 -0.0068190413160631 -0.0206790569365445 0.0070409743044184
0.0575999999999990 -0.0068078668683812 -0.0206318668683808 0.0070161331316185
0.0574999999999990 -0.0067966903073285 -0.0205847059368522 0.0069913253221952
0.0573999999999990 -0.0067855116323056 -0.0205375741685214 0.0069665509039102
0.0572999999999990 -0.0067743308427125 -0.0204904715900215 0.0069418099045965
0.0571999999999990 -0.0067631479379492 -0.0204433982280569 0.0069171023521584
0.0570999999999990 -0.0067519629174155 -0.0203963541094031 0.0068924282745722
0.0569999999999990 -0.0067407757805108 -0.0203493392609076 0.0068677876998861
0.0568999999999990 -0.0067295865266344 -0.0203023537094896 0.0068431806562208
0.0567999999999990 -0.0067183951551854 -0.0202553974821406 0.0068186071717698
0.0566999999999990 -0.0067072016655625 -0.0202084706059247 0.0067940672747998
0.0565999999999990 -0.0066960060571644 -0.0201615731079792 0.0067695609936505
0.0564999999999990 -0.0066848083293894 -0.0201147050155144 0.0067450883567356
0.0563999999999990 -0.0066736084816356 -0.0200678663558141 0.0067206493925428
0.0562999999999990 -0.0066624065133010 -0.0200210571562361 0.0066962441296341
0.0561999999999990 -0.0066512024237833 -0.0199742774442127 0.0066718725966461
0.0560999999999990 -0.0066399962124798 -0.0199275272472503 0.0066475348222908
0.0559999999999990 -0.0066287878787878 -0.0198808065929306 0.0066232308353550
0.0558999999999990 -0.0066175774221043 -0.0198341155089102 0.0065989606647016
0.0557999999999990 -0.0066063648418260 -0.0197874540229214 0.0065747243392694
0.0556999999999990 -0.0065951501373495 -0.0197408221627726 0.0065505218880735
0.0555999999999990 -0.0065839333080711 -0.0196942199563482 0.0065263533402059
0.0554999999999990 -0.0065727143533869 -0.0196476474316092 0.0065022187248353
0.0553999999999990 -0.0065614932726927 -0.0196011046165937 0.0064781180712083
0.0552999999999990 -0.0065502700653842 -0.0195545915394170 0.0064540514086486
0.0551999999999990 -0.0065390447308566 -0.0195081082282719 0.0064300187665587
0.0550999999999990 -0.0065278172685053 -0.0194616547114296 0.0064060201744190
0.0549999999999990 -0.0065165876777250 -0.0194152310172391 0.0063820556617891
0.0548999999999990 -0.0065053559579106 -0.0193688371741285 0.0063581252583073
0.0547999999999990 -0.0064941221084565 -0.0193224732106048 0.0063342289936919
0.0546999999999990 -0.0064828861287569 -0.0192761391552545 0.0063103668977407
0.0545999999999990 -0.0064716480182059 -0.0192298350367438 0.0062865390003321
0.0544999999999990 -0.0064604077761972 -0.0191835608838192 0.0062627453314248
0.0543999999999990 -0.0064491654021243 -0.0191373167253074 0.0062389859210587
0.0542999999999990 -0.0064379208953807 -0.0190911025901163 0.0062152607993548
0.0541999999999990 -0.0064266742553594 -0.0190449185072350 0.0061915699965162
0.0540999999999990 -0.0064154254814533 -0.0189987645057342 0.0061679135428276
0.0539999999999990 -0.0064041745730549 -0.0189526406147666 0.0061442914686567
0.0538999999999990 -0.0063929215295568 -0.0189065468635674 0.0061207038044538
0.0537999999999990 -0.0063816663503510 -0.0188604832814544 0.0060971505807523
0.0536999999999990 -0.0063704090348295 -0.0188144498978286 0.0060736318281696
0.0535999999999990 -0.0063591495823841 -0.0187684467421749 0.0060501475774067
0.0534999999999990 -0.0063478879924062 -0.0187224738440616 0.0060266978592493
0.0533999999999990 -0.0063366242642870 -0.0186765312331418 0.0060032827045678
0.0532999999999990 -0.0063253583974175 -0.0186306189391530 0.0059799021443179
0.0531999999999990 -0.0063140903911887 -0.0185847369919180 0.0059565562095407
0.0530999999999990 -0.0063028202449909 -0.0185388854213452 0.0059332449313635
0.0529999999999990 -0.0062915479582145 -0.0184930642574288 0.0059099683409997
0.0528999999999990 -0.0062802735302497 -0.0184472735302494 0.0058867264697500
0.0527999999999990 -0.0062689969604862 -0.0184015132699742 0.0058635193490017
0.0526999999999990 -0.0062577182483138 -0.0183557835068579 0.0058403470102303
0.0525999999999990 -0.0062464373931217 -0.0183100842712424 0.0058172094849990
0.0524999999999990 -0.0062351543942992 -0.0182644155935579 0.0057941068049595
0.0523999999999990 -0.0062238692512352 -0.0182187775043229 0.0057710390018525
0.0522999999999990 -0.0062125819633184 -0.0181731700341446 0.0057480061075079
0.0521999999999990 -0.0062012925299372 -0.0181275932137197 0.0057250081538453
0.0520999999999990 -0.0061900009504799 -0.0180820470738344 0.0057020451728747
0.0519999999999990 -0.0061787072243345 -0.0180365316453652 0.0056791171966962
0.0518999999999990 -0.0061674113508888 -0.0179910469592790 0.0056562242575014
0.0517999999999990 -0.0061561133295302 -0.0179455930466336 0.0056333663875731
0.0516999999999990 -0.0061448131596462 -0.0179001699385786 0.0056105436192862
0.0515999999999990 -0.0061335108406237 -0.0178547776663551 0.0055877559851077
0.0514999999999990 -0.0061222063718497 -0.0178094162612968 0.0055650035175975
0.0513999999999990 -0.0061108997527106 -0.0177640857548300 0.0055422862494089
0.0512999999999990 -0.0060995909825929 -0.0177187861784742 0.0055196042132884
0.0511999999999990 -0.0060882800608827 -0.0176735175638428 0.0054969574420773
0.0510999999999990 -0.0060769669869660 -0.0176282799426430 0.0054743459687111
0.0509999999999990 -0.0060656517602283 -0.0175830733466769 0.0054517698262203
0.0508999999999990 -0.0060543343800551 -0.0175378978078415 0.0054292290477312
0.0507999999999990 -0.0060430148458317 -0.0174927533581293 0.0054067236664660
0.0506999999999990 -0.0060316931569429 -0.0174476400296290 0.0053842537157432
0.0505999999999990 -0.0060203693127736 -0.0174025578545256 0.0053618192289785
0.0504999999999990 -0.0060090433127082 -0.0173575068651011 0.0053394202396848
0.0503999999999990 -0.0059977151561309 -0.0173124870937350 0.0053170567814731
0.0502999999999990 -0.0059863848424259 -0.0172674985729045 0.0052947288880527
0.0501999999999990 -0.0059750523709769 -0.0172225413351854 0.0052724365932317
0.0500999999999990 -0.0059637177411674 -0.0171776154132524 0.0052501799309175
0.0499999999999990 -0.0059523809523809 -0.0171327208398795 0.0052279589351178
0.0498999999999990 -0.0059410420040003 -0.0170878576479406 0.0052057736399400
0.0497999999999990 -0.0059297008954086 -0.0170430258704101 0.0051836240795930
0.0496999999999990 -0.0059183576259883 -0.0169982255403631 0.0051615102883865
0.0495999999999990 -0.0059070121951219 -0.0169534566909763 0.0051394323007326
0.0494999999999990 -0.0058956646021914 -0.0169087193555282 0.0051173901511453
0.0493999999999990 -0.0058843148465789 -0.0168640135673997 0.0050953838742418
0.0492999999999990 -0.0058729629276660 -0.0168193393600747 0.0050734135047427
0.0491999999999990 -0.0058616088448341 -0.0167746967671406 0.0050514790774725
0.0490999999999990 -0.0058502525974644 -0.0167300858222888 0.0050295806273600
0.0489999999999990 -0.0058388941849380 -0.0166855065593152 0.0050077181894393
0.0488999999999990 -0.0058275336066354 -0.0166409590121206 0.0049858917988498
0.0487999999999990 -0.0058161708619374 -0.0165964432147118 0.0049641014908371
0.0486999999999990 -0.0058048059502240 -0.0165519592012013 0.0049423473007533
0.0485999999999990 -0.0057934388708754 -0.0165075070058086 0.0049206292640579
0.0484999999999990 -0.0057820696232713 -0.0164630866628604 0.0048989474163179
0.0483999999999990 -0.0057706982067912 -0.0164186982067909 0.0048773017932085
0.0482999999999990 -0.0057593246208146 -0.0163743416721430 0.0048556924305139
0.0481999999999990 -0.0057479488647204 -0.0163300170935683 0.0048341193641276
0.0480999999999990 -0.0057365709378875 -0.0162857245058281 0.0048125826300530
0.0479999999999990 -0.0057251908396946 -0.0162414639437934 0.0047910822644043
0.0478999999999990 -0.0057138085695199 -0.0161972354424462 0.0047696183034064
0.0477999999999990 -0.0057024241267417 -0.0161530390368794 0.0047481907833961
0.0476999999999990 -0.0056910375107377 -0.0161088747622978 0.0047267997408224
0.0475999999999990 -0.0056796487208857 -0.0160647426540186 0.0047054452122471
0.0474999999999990 -0.0056682577565632 -0.0160206427474719 0.0046841272343456
0.0473999999999980 -0.0056568646171470 -0.0159765750782009 0.0046628458439070
0.0472999999999980 -0.0056454693020144 -0.0159325396818644 0.0046416010778355
0.0471999999999980 -0.0056340718105421 -0.0158885365942345 0.0046203929731502
0.0470999999999980 -0.0056226721421065 -0.0158445658511991 0.0045992215669861
0.0469999999999980 -0.0056112702960838 -0.0158006274887622 0.0045780868965946
0.0468999999999980 -0.0055998662718500 -0.0157567215430442 0.0045569889993443
0.0467999999999980 -0.0055884600687808 -0.0157128480502830 0.0045359279127214
0.0466999999999980 -0.0055770516862518 -0.0156690070468341 0.0045149036743306
0.0465999999999980 -0.0055656411236382 -0.0156251985691716 0.0044939163218952
0.0464999999999980 -0.0055542283803151 -0.0155814226538887 0.0044729658932585
0.0463999999999980 -0.0055428134556572 -0.0155376793376982 0.0044520524263838
0.0462999999999980 -0.0055313963490392 -0.0154939686574336 0.0044311759593552
0.0461999999999980 -0.0055199770598353 -0.0154502906500493 0.0044103365303786
0.0460999999999980 -0.0055085555874197 -0.0154066453526212 0.0043895341777818
0.0459999999999980 -0.0054971319311661 -0.0153630328023480 0.0043687689400158
0.0458999999999980 -0.0054857060904482 -0.0153194530365510 0.0043480408556547
0.0457999999999980 -0.0054742780646393 -0.0152759060926756 0.0043273499633971
0.0456999999999980 -0.0054628478531125 -0.0152323920082912 0.0043066963020663
0.0455999999999980 -0.0054514154552407 -0.0151889108210927 0.0042860799106112
0.0454999999999980 -0.0054399808703967 -0.0151454625689002 0.0042655008281069
0.0453999999999980 -0.0054285440979527 -0.0151020472896608 0.0042449590937554
0.0452999999999980 -0.0054171051372809 -0.0150586650214484 0.0042244547468866
0.0451999999999980 -0.0054056639877533 -0.0150153158024648 0.0042039878269582
0.0450999999999980 -0.0053942206487415 -0.0149719996710403 0.0041835583735573
0.0449999999999980 -0.0053827751196170 -0.0149287166656347 0.0041631664264008
0.0448999999999980 -0.0053713273997509 -0.0148854668248376 0.0041428120253357
0.0447999999999980 -0.0053598774885143 -0.0148422501873691 0.0041224952103406
0.0446999999999980 -0.0053484253852778 -0.0147990667920813 0.0041022160215256
0.0445999999999980 -0.0053369710894120 -0.0147559166779579 0.0040819744991339
0.0444999999999980 -0.0053255146002870 -0.0147127998841157 0.0040617706835418
0.0443999999999980 -0.0053140559172728 -0.0146697164498054 0.0040416046152598
0.0442999999999980 -0.0053025950397393 -0.0146266664144118 0.0040214763349333
0.0441999999999980 -0.0052911319670559 -0.0145836498174551 0.0040013858833434
0.0440999999999980 -0.0052796666985918 -0.0145406666985912 0.0039813333014075
0.0439999999999980 -0.0052681992337162 -0.0144977170976129 0.0039613186301805
0.0438999999999980 -0.0052567295717978 -0.0144548010544505 0.0039413419108549
0.0437999999999980 -0.0052452577122051 -0.0144119186091724 0.0039214031847621
0.0436999999999980 -0.0052337836543065 -0.0143690698019862 0.0039015024933732
0.0435999999999980 -0.0052223073974700 -0.0143262546732394 0.0038816398782993
0.0434999999999980 -0.0052108289410635 -0.0142834732634200 0.0038618153812931
0.0433999999999980 -0.0051993482844544 -0.0142407256131576 0.0038420290442488
0.0432999999999980 -0.0051878654270102 -0.0141980117632241 0.0038222809092037
0.0431999999999980 -0.0051763803680979 -0.0141553317545344 0.0038025710183385
0.0430999999999980 -0.0051648931070844 -0.0141126856281473 0.0037828994139785
0.0429999999999980 -0.0051534036433363 -0.0140700734252666 0.0037632661385940
0.0428999999999980 -0.0051419119762199 -0.0140274951872415 0.0037436712348017
0.0427999999999980 -0.0051304181051014 -0.0139849509555678 0.0037241147453650
0.0426999999999980 -0.0051189220293466 -0.0139424407718886 0.0037045967131953
0.0425999999999980 -0.0051074237483213 -0.0138999646779951 0.0036851171813526
0.0424999999999980 -0.0050959232613906 -0.0138575227158275 0.0036656761930463
0.0423999999999980 -0.0050844205679199 -0.0138151149274763 0.0036462737916364
0.0422999999999980 -0.0050729156672741 -0.0137727413551824 0.0036269100206343
0.0421999999999980 -0.0050614085588176 -0.0137304020413385 0.0036075849237032
0.0420999999999980 -0.0050498992419151 -0.0136880970284901 0.0035882985446599
0.0419999999999980 -0.0050383877159306 -0.0136458263593361 0.0035690509274748
0.0418999999999980 -0.0050268739802282 -0.0136035900767298 0.0035498421162734
0.0417999999999980 -0.0050153580341714 -0.0135613882236798 0.0035306721553371
0.0416999999999980 -0.0050038398771237 -0.0135192208433512 0.0035115410891038
0.0415999999999980 -0.0049923195084483 -0.0134770879790661 0.0034924489621695
0.0414999999999980 -0.0049807969275081 -0.0134349896743048 0.0034733958192885
0.0413999999999980 -0.0049692721336660 -0.0133929259727069 0.0034543817053750
0.0412999999999980 -0.0049577451262842 -0.0133508969180719 0.0034354066655035
0.0411999999999980 -0.0049462159047251 -0.0133089025543605 0.0034164707449103
0.0410999999999980 -0.0049346844683505 -0.0132669429256951 0.0033975739889940
0.0409999999999980 -0.0049231508165223 -0.0132250180763615 0.0033787164433169
0.0408999999999980 -0.0049116149486019 -0.0131831280508094 0.0033598981536056
0.0407999999999980 -0.0049000768639506 -0.0131412728936534 0.0033411191657523
0.0406999999999980 -0.0048885365619292 -0.0130994526496742 0.0033223795258158
0.0405999999999980 -0.0048769940418986 -0.0130576673638197 0.0033036792800224
0.0404999999999980 -0.0048654493032194 -0.0130159170812055 0.0032850184747668
0.0403999999999980 -0.0048539023452516 -0.0129742018471166 0.0032663971566135
0.0402999999999980 -0.0048423531673553 -0.0129325217070083 0.0032478153722976
0.0401999999999980 -0.0048308017688903 -0.0128908767065066 0.0032292731687259
0.0400999999999980 -0.0048192481492162 -0.0128492668914104 0.0032107705929781
0.0399999999999980 -0.0048076923076921 -0.0128076923076915 0.0031923076923073
0.0398999999999980 -0.0047961342436770 -0.0127661530014963 0.0031738845141422
0.0397999999999980 -0.0047845739565298 -0.0127246490191467 0.0031555011060870
0.0396999999999980 -0.0047730114456091 -0.0126831804071415 0.0031371575159233
0.0395999999999980 -0.0047614467102729 -0.0126417472121568 0.0031188537916109
0.0394999999999980 -0.0047498797498795 -0.0126003494810479 0.0031005899812889
0.0393999999999980 -0.0047383105637865 -0.0125589872608500 0.0030823661332769
0.0392999999999980 -0.0047267391513516 -0.0125176605987794 0.0030641822960762
0.0391999999999980 -0.0047151655119320 -0.0124763695422350 0.0030460385183709
0.0390999999999980 -0.0047035896448847 -0.0124351141387987 0.0030279348490292
0.0389999999999980 -0.0046920115495666 -0.0123938944362373 0.0030098713371041
0.0388999999999980 -0.0046804312253342 -0.0123527104825036 0.0029918480318351
0.0387999999999980 -0.0046688486715438 -0.0123115623257370 0.0029738649826494
0.0386999999999980 -0.0046572638875515 -0.0122704500142655 0.0029559222391625
0.0385999999999980 -0.0046456768727130 -0.0122293735966064 0.0029380198511804
0.0384999999999980 -0.0046340876263840 -0.0121883331214676 0.0029201578686996
0.0383999999999980 -0.0046224961479196 -0.0121473286377490 0.0029023363419097
0.0382999999999980 -0.0046109024366751 -0.0121063601945436 0.0028845553211934
0.0381999999999980 -0.0045993064920052 -0.0120654278411389 0.0028668148571286
0.0380999999999980 -0.0045877083132644 -0.0120245316270181 0.0028491150004894
0.0379999999999980 -0.0045761078998071 -0.0119836716018613 0.0028314558022472
0.0378999999999980 -0.0045645052509873 -0.0119428478155469 0.0028138373135722
0.0377999999999980 -0.0045529003661589 -0.0119020603181529 0.0027962595858350
0.0376999999999980 -0.0045412932446755 -0.0118613091599582 0.0027787226706072
0.0375999999999980 -0.0045296838858903 -0.0118205943914438 0.0027612266196633
0.0374999999999980 -0.0045180722891564 -0.0117799160632947 0.0027437714849819
0.0373999999999980 -0.0045064584538266 -0.0117392742264004 0.0027263573187471
0.0372999999999980 -0.0044948423792536 -0.0116986689318568 0.0027089841733497
0.0371999999999980 -0.0044832240647896 -0.0116581002309678 0.0026916521013886
0.0370999999999980 -0.0044716035097867 -0.0116175681752459 0.0026743611556726
0.0369999999999980 -0.0044599807135967 -0.0115770728164145 0.0026571113892212
0.0368999999999980 -0.0044483556755712 -0.0115366142064088 0.0026399028552664
0.0367999999999980 -0.0044367283950615 -0.0114961923973772 0.0026227356072543
0.0366999999999980 -0.0044250988714187 -0.0114558074416833 0.0026056096988459
0.0365999999999980 -0.0044134671039936 -0.0114154593919065 0.0025885251839193
0.0364999999999980 -0.0044018330921368 -0.0113751483008443 0.0025714821165708
0.0363999999999980 -0.0043901968351985 -0.0113348742215133 0.0025544805511163
0.0362999999999980 -0.0043785583325289 -0.0112946372071509 0.0025375205420930
0.0361999999999980 -0.0043669175834778 -0.0112544373112167 0.0025206021442610
0.0360999999999980 -0.0043552745873948 -0.0112142745873942 0.0025037254126046
0.0359999999999980 -0.0043436293436291 -0.0111741490895922 0.0024868904023340
0.0358999999999980 -0.0043319818515298 -0.0111340608719465 0.0024700971688868
0.0357999999999980 -0.0043203321104458 -0.0110940099888212 0.0024533457679296
0.0356999999999980 -0.0043086801197255 -0.0110539964948107 0.0024366362553596
0.0355999999999980 -0.0042970258787174 -0.0110140204447411 0.0024199686873063
0.0354999999999980 -0.0042853693867694 -0.0109740818936718 0.0024033431201330
0.0353999999999980 -0.0042737106432294 -0.0109341808968971 0.0023867596104383
0.0352999999999980 -0.0042620496474450 -0.0108943175099481 0.0023702182150582
0.0351999999999980 -0.0042503863987633 -0.0108544917885941 0.0023537189910675
0.0350999999999980 -0.0042387208965315 -0.0108147037888444 0.0023372619957815
0.0349999999999980 -0.0042270531400964 -0.0107749535669502 0.0023208472867575
0.0348999999999980 -0.0042153831288045 -0.0107352411794059 0.0023044749217970
0.0347999999999980 -0.0042037108620021 -0.0106955666829513 0.0022881449589472
0.0346999999999980 -0.0041920363390352 -0.0106559301345731 0.0022718574565026
0.0345999999999980 -0.0041803595592497 -0.0106163315915066 0.0022556124730072
0.0344999999999980 -0.0041686805219911 -0.0105767711112378 0.0022394100672557
0.0343999999999980 -0.0041569992266046 -0.0105372487515050 0.0022232502982959
0.0342999999999980 -0.0041453156724352 -0.0104977645703008 0.0022071332254303
0.0341999999999980 -0.0041336298588278 -0.0104583186258735 0.0021910589082178
0.0340999999999980 -0.0041219417851269 -0.0104189109767296 0.0021750274064757
0.0339999999999980 -0.0041102514506767 -0.0103795416816353 0.0021590387802819
0.0338999999999980 -0.0040985588548213 -0.0103402107996187 0.0021430930899761
0.0337999999999980 -0.0040868639969044 -0.0103009183899712 0.0021271903961624
0.0336999999999980 -0.0040751668762695 -0.0102616645122500 0.0021113307597111
0.0335999999999980 -0.0040634674922598 -0.0102224492262799 0.0020955142417603
0.0334999999999980 -0.0040517658442184 -0.0101832725921551 0.0020797409037183
0.0333999999999980 -0.0040400619314881 -0.0101441346702415 0.0020640108072654
0.0332999999999980 -0.0040283557534112 -0.0101050355211785 0.0020483240143562
0.0331999999999980 -0.0040166473093300 -0.0100659752058813 0.0020326805872213
0.0330999999999980 -0.0040049365985865 -0.0100269537855425 0.0020170805883695
0.0329999999999980 -0.0039932236205225 -0.0099879713216350 0.0020015240805900
0.0328999999999980 -0.0039815083744794 -0.0099490278759133 0.0019860111269545
0.0327999999999980 -0.0039697908597984 -0.0099101235104160 0.0019705417908192
0.0326999999999980 -0.0039580710758204 -0.0098712582874681 0.0019551161358272
0.0325999999999980 -0.0039463490218863 -0.0098324322696830 0.0019397342259105
0.0324999999999980 -0.0039346246973363 -0.0097936455199648 0.0019243961252921
0.0323999999999980 -0.0039228981015108 -0.0097548981015103 0.0019091018984887
0.0322999999999980 -0.0039111692337496 -0.0097161900778116 0.0018938516103123
0.0321999999999980 -0.0038994380933925 -0.0096775215126583 0.0018786453258732
0.0320999999999980 -0.0038877046797788 -0.0096388924701395 0.0018634831105818
0.0319999999999980 -0.0038759689922478 -0.0096003030146467 0.0018483650301511
0.0318999999999980 -0.0038642310301383 -0.0095617532108757 0.0018332911505990
0.0317999999999980 -0.0038524907927891 -0.0095232431238289 0.0018182615382508
0.0316999999999980 -0.0038407482795384 -0.0094847728188183 0.0018032762597415
0.0315999999999980 -0.0038290034897245 -0.0094463423614674 0.0017883353820185
0.0314999999999980 -0.0038172564226852 -0.0094079518177138 0.0017734389723434
0.0313999999999980 -0.0038055070777581 -0.0093696012538118 0.0017585870982955
0.0312999999999980 -0.0037937554542808 -0.0093312907363349 0.0017437798277734
0.0311999999999980 -0.0037820015515901 -0.0092930203321782 0.0017290172289979
0.0310999999999980 -0.0037702453690231 -0.0092547901085612 0.0017142993705149
0.0309999999999980 -0.0037584869059163 -0.0092166001330301 0.0016996263211974
0.0308999999999980 -0.0037467261616061 -0.0091784504734609 0.0016849981502487
0.0307999999999980 -0.0037349631354286 -0.0091403411980616 0.0016704149272045
0.0306999999999980 -0.0037231978267195 -0.0091022723753751 0.0016558767219361
0.0305999999999980 -0.0037114302348144 -0.0090642440742819 0.0016413836046530
0.0304999999999980 -0.0036996603590488 -0.0090262563640030 0.0016269356459055
0.0303999999999980 -0.0036878881987575 -0.0089883093141025 0.0016125329165874
0.0302999999999980 -0.0036761137532755 -0.0089504029944903 0.0015981754879393
0.0301999999999980 -0.0036643370219372 -0.0089125374754255 0.0015838634315510
0.0300999999999980 -0.0036525580040770 -0.0088747128275187 0.0015695968193646
0.0299999999999980 -0.0036407766990289 -0.0088369291217350 0.0015553757236772
0.0298999999999980 -0.0036289931061266 -0.0087991864293974 0.0015412002171443
0.0297999999999980 -0.0036172072247036 -0.0087614848221894 0.0015270703727823
0.0296999999999980 -0.0036054190540932 -0.0087238243721581 0.0015129862639717
0.0295999999999980 -0.0035936285936284 -0.0086862051517171 0.0014989479644604
0.0294999999999980 -0.0035818358426418 -0.0086486272336500 0.0014849555483664
0.0293999999999980 -0.0035700408004660 -0.0086110906911133 0.0014710090901812
0.0292999999999980 -0.0035582434664333 -0.0085735955976395 0.0014571086647730
0.0291999999999980 -0.0035464438398754 -0.0085361420271403 0.0014432543473895
0.0290999999999980 -0.0035346419201241 -0.0084987300539101 0.0014294462136619
0.0289999999999980 -0.0035228377065109 -0.0084613597526291 0.0014156843396072
0.0288999999999980 -0.0035110311983670 -0.0084240311983664 0.0014019688016325
0.0287999999999980 -0.0034992223950231 -0.0083867444665840 0.0013882996765378
0.0286999999999980 -0.0034874112958100 -0.0083494996331395 0.0013746770415194
0.0285999999999980 -0.0034755979000581 -0.0083122967742899 0.0013611009741737
0.0284999999999980 -0.0034637822070975 -0.0082751359666952 0.0013475715525003
0.0283999999999980 -0.0034519642162580 -0.0082380172874217 0.0013340888549056
0.0282999999999980 -0.0034401439268694 -0.0082009408139456 0.0013206529602069
0.0281999999999980 -0.0034283213382608 -0.0081639066241569 0.0013072639476353
0.0280999999999980 -0.0034164964497615 -0.0081269147963625 0.0012939218968395
0.0279999999999980 -0.0034046692607002 -0.0080899654092905 0.0012806268878902
0.0278999999999980 -0.0033928397704054 -0.0080530585420937 0.0012673790012828
0.0277999999999980 -0.0033810079782056 -0.0080161942743533 0.0012541783179421
0.0276999999999980 -0.0033691738834288 -0.0079793726860831 0.0012410249192256
0.0275999999999980 -0.0033573374854026 -0.0079425938577329 0.0012279188869276
0.0274999999999980 -0.0033454987834547 -0.0079058578701929 0.0012148603032834
0.0273999999999980 -0.0033336577769123 -0.0078691648047975 0.0012018492509728
0.0272999999999980 -0.0033218144651025 -0.0078325147433293 0.0011888858131244
0.0271999999999980 -0.0033099688473518 -0.0077959077680233 0.0011759700733197
0.0270999999999980 -0.0032981209229868 -0.0077593439615711 0.0011631021155975
0.0269999999999980 -0.0032862706913337 -0.0077228234071251 0.0011502820244576
0.0268999999999980 -0.0032744181517185 -0.0076863461883025 0.0011375098848654
0.0267999999999980 -0.0032625633034668 -0.0076499123891900 0.0011247857822563
0.0266999999999980 -0.0032507061459041 -0.0076135220943479 0.0011121098025397
0.0265999999999980 -0.0032388466783555 -0.0075771753888148 0.0010994820321038
0.0264999999999980 -0.0032269849001459 -0.0075408723581118 0.0010869025578200
0.0263999999999980 -0.0032151208105999 -0.0075046130882472 0.0010743714670474
0.0262999999999980 -0.0032032544090419 -0.0074683976657211 0.0010618888476372
0.0261999999999980 -0.0031913856947961 -0.0074322261775301 0.0010494547879379
0.0260999999999980 -0.0031795146671862 -0.0073960987111720 0.0010370693767996
0.0259999999999980 -0.0031676413255358 -0.0073600153546506 0.0010247327035789
0.0258999999999980 -0.0031557656691683 -0.0073239761964805 0.0010124448581439
0.0257999999999980 -0.0031438876974067 -0.0072879813256921 0.0010002059308788
0.0256999999999980 -0.0031320074095737 -0.0072520308318367 0.0009880160126893
0.0255999999999980 -0.0031201248049920 -0.0072161248049915 0.0009758751950076
0.0254999999999980 -0.0031082398829837 -0.0071802633357644 0.0009637835697970
0.0253999999999980 -0.0030963526428708 -0.0071444465152997 0.0009517412295580
0.0252999999999980 -0.0030844630839752 -0.0071086744352832 0.0009397482673328
0.0251999999999980 -0.0030725712056182 -0.0070729471879474 0.0009278047767110
0.0250999999999980 -0.0030606770071210 -0.0070372648660770 0.0009159108518350
0.0249999999999980 -0.0030487804878046 -0.0070016275630146 0.0009040665874054
0.0248999999999980 -0.0030368816469897 -0.0069660353726660 0.0008922720786866
0.0247999999999980 -0.0030249804839966 -0.0069304883895060 0.0008805274215127
0.0246999999999980 -0.0030130769981456 -0.0068949867085840 0.0008688327122929
0.0245999999999980 -0.0030011711887563 -0.0068595304255300 0.0008571880480173
0.0244999999999980 -0.0029892630551486 -0.0068241196365603 0.0008455935262631
0.0243999999999980 -0.0029773525966417 -0.0067887544384837 0.0008340492452003
0.0242999999999980 -0.0029654398125547 -0.0067534349287073 0.0008225553035980
0.0241999999999980 -0.0029535247022064 -0.0067181612052431 0.0008111118008303
0.0240999999999980 -0.0029416072649153 -0.0066829333667135 0.0007997188368829
0.0239999999999980 -0.0029296874999998 -0.0066477515123584 0.0007883765123589
0.0238999999999980 -0.0029177654067778 -0.0066126157420412 0.0007770849284857
0.0237999999999980 -0.0029058409845671 -0.0065775261562555 0.0007658441871214
0.0236999999999980 -0.0028939142326851 -0.0065424828561314 0.0007546543907612
0.0235999999999980 -0.0028819851504491 -0.0065074859434427 0.0007435156425444
0.0234999999999980 -0.0028700537371761 -0.0064725355206133 0.0007324280462611
0.0233999999999980 -0.0028581199921827 -0.0064376316907244 0.0007213917063590
0.0232999999999980 -0.0028461839147853 -0.0064027745575212 0.0007104067279507
0.0231999999999980 -0.0028342455043000 -0.0063679642254204 0.0006994732168204
0.0230999999999980 -0.0028223047600428 -0.0063332007995171 0.0006885912794316
0.0229999999999980 -0.0028103616813292 -0.0062984843855924 0.0006777610229341
0.0228999999999980 -0.0027984162674746 -0.0062638150901207 0.0006669825551715
0.0227999999999980 -0.0027864685177940 -0.0062291930202770 0.0006562559846890
0.0226999999999980 -0.0027745184316024 -0.0061946182839454 0.0006455814207407
0.0225999999999980 -0.0027625660082141 -0.0061600909897259 0.0006349589732977
0.0224999999999980 -0.0027506112469435 -0.0061256112469431 0.0006243887530560
0.0223999999999980 -0.0027386541471046 -0.0060911791656536 0.0006138708714444
0.0222999999999980 -0.0027266947080111 -0.0060567948566548 0.0006034054406326
0.0221999999999980 -0.0027147329289765 -0.0060224584314928 0.0005929925735399
0.0220999999999980 -0.0027027688093139 -0.0059881700024708 0.0005826323838430
0.0219999999999980 -0.0026908023483363 -0.0059539296826580 0.0005723249859853
0.0218999999999980 -0.0026788335453564 -0.0059197375858978 0.0005620704951849
0.0217999999999980 -0.0026668623996866 -0.0058855938268170 0.0005518690274439
0.0216999999999980 -0.0026548889106389 -0.0058514985208348 0.0005417206995571
0.0215999999999980 -0.0026429130775252 -0.0058174517841718 0.0005316256291213
0.0214999999999980 -0.0026309348996571 -0.0057834537338590 0.0005215839345447
0.0213999999999980 -0.0026189543763460 -0.0057495044877477 0.0005115957350558
0.0212999999999980 -0.0026069715069027 -0.0057156041645188 0.0005016611507134
0.0211999999999980 -0.0025949862906382 -0.0056817528836927 0.0004917803024163
0.0210999999999980 -0.0025829987268629 -0.0056479507656390 0.0004819533119131
0.0209999999999980 -0.0025710088148871 -0.0056141979315865 0.0004721803018122
0.0208999999999980 -0.0025590165540207 -0.0055804945036337 0.0004624613955923
0.0207999999999980 -0.0025470219435734 -0.0055468406047590 0.0004527967176122
0.0206999999999980 -0.0025350249828547 -0.0055132363588314 0.0004431863931221
0.0205999999999980 -0.0025230256711736 -0.0054796818906210 0.0004336305482739
0.0204999999999980 -0.0025110240078390 -0.0054461773258103 0.0004241293101322
0.0203999999999980 -0.0024990199921597 -0.0054127227910048 0.0004146828066854
0.0202999999999980 -0.0024870136234438 -0.0053793184137447 0.0004052911668571
0.0201999999999980 -0.0024750049009996 -0.0053459643225166 0.0003959545205175
0.0200999999999980 -0.0024629938241346 -0.0053126606467645 0.0003866729984953
0.0199999999999980 -0.0024509803921566 -0.0052794075169024 0.0003774467325892
0.0198999999999980 -0.0024389646043727 -0.0052462050643258 0.0003682758555804
0.0197999999999980 -0.0024269464600900 -0.0052130534214247 0.0003591605012447
0.0196999999999980 -0.0024149259586150 -0.0051799527215954 0.0003501008043653
0.0195999999999980 -0.0024029030992544 -0.0051469030992539 0.0003410969007452
0.0194999999999980 -0.0023908778813141 -0.0051139046898486 0.0003321489272204
0.0193999999999980 -0.0023788503041002 -0.0050809576298735 0.0003232570216731
0.0192999999999980 -0.0023668203669182 -0.0050480620568816 0.0003144213230452
0.0191999999999980 -0.0023547880690735 -0.0050152181094989 0.0003056419713518
0.0190999999999980 -0.0023427534098712 -0.0049824259274381 0.0002969191076957
0.0189999999999980 -0.0023307163886160 -0.0049496856515128 0.0002882528742807
0.0188999999999980 -0.0023186770046126 -0.0049169974236521 0.0002796434144270
0.0187999999999980 -0.0023066352571650 -0.0048843613869154 0.0002710908725853
0.0186999999999980 -0.0022945911455774 -0.0048517776855072 0.0002625953943523
0.0185999999999980 -0.0022825446691535 -0.0048192464647924 0.0002541571264855
0.0184999999999980 -0.0022704958271966 -0.0047867678713123 0.0002457762169190
0.0183999999999980 -0.0022584446190100 -0.0047543420527997 0.0002374528147797
0.0182999999999980 -0.0022463910438964 -0.0047219691581958 0.0002291870704029
0.0181999999999980 -0.0022343351011587 -0.0046896493376665 0.0002209791353492
0.0180999999999980 -0.0022222767900990 -0.0046573827426189 0.0002128291624210
0.0179999999999980 -0.0022102161100194 -0.0046251695257188 0.0002047373056800
0.0178999999999980 -0.0021981530602218 -0.0045930098409079 0.0001967037204643
0.0177999999999980 -0.0021860876400076 -0.0045609038434217 0.0001887285634065
0.0176999999999980 -0.0021740198486781 -0.0045288516898078 0.0001808119924515
0.0175999999999980 -0.0021619496855343 -0.0044968535379441 0.0001729541668755
0.0174999999999980 -0.0021498771498769 -0.0044649095470580 0.0001651552473042
0.0173999999999980 -0.0021378022410062 -0.0044330198777453 0.0001574153957329
0.0172999999999980 -0.0021257249582225 -0.0044011846919902 0.0001497347755452
0.0171999999999980 -0.0021136453008255 -0.0043694041531850 0.0001421135515340
0.0170999999999980 -0.0021015632681150 -0.0043376784261510 0.0001345518899210
0.0169999999999980 -0.0020894788593901 -0.0043060076771586 0.0001270499583784
0.0168999999999980 -0.0020773920739500 -0.0042743920739496 0.0001196079260496
0.0167999999999980 -0.0020653029110934 -0.0042428317857580 0.0001122259635713
0.0166999999999980 -0.0020532113701188 -0.0042113269833328 0.0001049042430953
0.0165999999999980 -0.0020411174503244 -0.0041798778389603 0.0000976429383116
0.0164999999999980 -0.0020290211510081 -0.0041484845264875 0.0000904422244712
0.0163999999999980 -0.0020169224714677 -0.0041171472213453 0.0000833022784099
0.0162999999999980 -0.0020048214110004 -0.0040858661005731 0.0000762232785722
0.0161999999999980 -0.0019927179689035 -0.0040546413428431 0.0000692054050361
0.0160999999999980 -0.0019806121444737 -0.0040234731284857 0.0000622488395383
0.0159999999999980 -0.0019685039370076 -0.0039923616395150 0.0000553537654998
0.0158999999999980 -0.0019563933458015 -0.0039613070596552 0.0000485203680522
0.0157999999999980 -0.0019442803701514 -0.0039303095743673 0.0000417488340646
0.0156999999999980 -0.0019321650093529 -0.0038993693708768 0.0000350393521710
0.0155999999999980 -0.0019200472627016 -0.0038684866382015 0.0000283921127983
0.0154999999999980 -0.0019079271294926 -0.0038376615671805 0.0000218073081953
0.0153999999999980 -0.0018958046090208 -0.0038068943505030 0.0000152851324614
0.0152999999999980 -0.0018836797005809 -0.0037761851827390 0.0000088257815773
0.0151999999999980 -0.0018715524034670 -0.0037455342603692 0.0000024294534352
0.0150999999999980 -0.0018594227169735 -0.0037149417818172 -0.0000039036521297
0.0149999999999980 -0.0018472906403938 -0.0036844079474809 -0.0000101733333068
0.0148999999999980 -0.0018351561730217 -0.0036539329597657 -0.0000163793862778
0.0147999999999980 -0.0018230193141503 -0.0036235170231182 -0.0000225216051824
0.0146999999999980 -0.0018108800630726 -0.0035931603440606 -0.0000285997820846
0.0145999999999980 -0.0017987384190812 -0.0035628631312256 -0.0000346137069367
0.0144999999999980 -0.0017865943814685 -0.0035326255953930 -0.0000405631675439
0.0143999999999980 -0.0017744479495266 -0.0035024479495262 -0.0000464479495269
0.0142999999999980 -0.0017622991225473 -0.0034723304088105 -0.0000522678362842
0.0141999999999980 -0.0017501478998223 -0.0034422731906914 -0.0000580226089532
0.0140999999999980 -0.0017379942806427 -0.0034122765149147 -0.0000637120463707
0.0139999999999980 -0.0017258382642996 -0.0033823406035671 -0.0000693359250320
0.0138999999999980 -0.0017136798500836 -0.0033524656811179 -0.0000748940190493
0.0137999999999980 -0.0017015190372852 -0.0033226519744618 -0.0000803861001086
0.0136999999999980 -0.0016893558251946 -0.0032928997129628 -0.0000858119374263
0.0135999999999980 -0.0016771902131016 -0.0032632091284991 -0.0000911712977040
0.0134999999999980 -0.0016650222002957 -0.0032335804555094 -0.0000964639450821
0.0133999999999980 -0.0016528517860665 -0.0032040139310400 -0.0001016896410929
0.0132999999999980 -0.0016406789697027 -0.0031745097947936 -0.0001068481446118
0.0131999999999980 -0.0016285037504932 -0.0031450682891789 -0.0001119392118075
0.0130999999999980 -0.0016163261277265 -0.0031156896593622 -0.0001169625960909
0.0129999999999980 -0.0016041461006908 -0.0030863741533193 -0.0001219180480622
0.0128999999999980 -0.0015919636686739 -0.0030571220218900 -0.0001268053154577
0.0127999999999980 -0.0015797788309634 -0.0030279335188331 -0.0001316241430937
0.0126999999999980 -0.0015675915868468 -0.0029988089008837 -0.0001363742728099
0.0125999999999980 -0.0015554019356110 -0.0029697484278113 -0.0001410554434108
0.0124999999999980 -0.0015432098765430 -0.0029407523624800 -0.0001456673906059
0.0123999999999980 -0.0015310154089290 -0.0029118209709105 -0.0001502098469475
0.0122999999999980 -0.0015188185320555 -0.0028829545223435 -0.0001546825417674
0.0121999999999980 -0.0015066192452082 -0.0028541532893047 -0.0001590852011117
0.0120999999999980 -0.0014944175476729 -0.0028254175476726 -0.0001634175476732
0.0119999999999980 -0.0014822134387349 -0.0027967475767470 -0.0001676793007229
0.0118999999999980 -0.0014700069176794 -0.0027681436593207 -0.0001718701760380
0.0117999999999980 -0.0014577979837910 -0.0027396060817523 -0.0001759898858297
0.0116999999999980 -0.0014455866363544 -0.0027111351340419 -0.0001800381386669
0.0115999999999980 -0.0014333728746538 -0.0026827311099086 -0.0001840146393989
0.0114999999999980 -0.0014211566979731 -0.0026543943068706 -0.0001879190890756
0.0113999999999980 -0.0014089381055960 -0.0026261250263272 -0.0001917511848647
0.0112999999999980 -0.0013967170968058 -0.0025979235736445 -0.0001955106199671
0.0111999999999980 -0.0013844936708858 -0.0025697902582424 -0.0001991970835292
0.0110999999999980 -0.0013722678271187 -0.0025417253936851 -0.0002028102605524
0.0109999999999980 -0.0013600395647871 -0.0025137292977739 -0.0002063498318002
0.0108999999999980 -0.0013478088831732 -0.0024858022926441 -0.0002098154737022
0.0107999999999980 -0.0013355757815589 -0.0024579447048632 -0.0002132068582546
0.0106999999999980 -0.0013233402592260 -0.0024301568655341 -0.0002165236529180
0.0105999999999980 -0.0013111023154559 -0.0024024391104002 -0.0002197655205116
0.0104999999999980 -0.0012988619495297 -0.0023747917799551 -0.0002229321191042
0.0103999999999980 -0.0012866191607282 -0.0023472152195552 -0.0002260231019012
0.0102999999999980 -0.0012743739483319 -0.0023197097795361 -0.0002290381171277
0.0101999999999980 -0.0012621263116212 -0.0022922758153338 -0.0002319768079086
0.0100999999999980 -0.0012498762498760 -0.0022649136876089 -0.0002348388121431
0.0099999999999980 -0.0012376237623760 -0.0022376237623757 -0.0002376237623763
0.0098999999999980 -0.0012253688484006 -0.0022104064111358 -0.0002403312856653
0.0097999999999980 -0.0012131115072289 -0.0021832620110165 -0.0002429610034413
0.0096999999999980 -0.0012008517381398 -0.0021561909449137 -0.0002455125313659
0.0095999999999980 -0.0011885895404118 -0.0021291936016402 -0.0002479854791833
0.0094999999999980 -0.0011763249133232 -0.0021022703760797 -0.0002503794505666
0.0093999999999980 -0.0011640578561519 -0.0020754216693459 -0.0002526940429579
0.0092999999999980 -0.0011517883681757 -0.0020486478889478 -0.0002549288474037
0.0091999999999980 -0.0011395164486720 -0.0020219494489612 -0.0002570834483827
0.0090999999999980 -0.0011272420969178 -0.0019953267702069 -0.0002591574236287
0.0089999999999980 -0.0011149653121900 -0.0019687802804352 -0.0002611503439449
0.0088999999999980 -0.0011026860937652 -0.0019423104145180 -0.0002630617730125
0.0087999999999980 -0.0010904044409196 -0.0019159176146483 -0.0002648912671910
0.0086999999999980 -0.0010781203529293 -0.0018896023305477 -0.0002666383753108
0.0085999999999980 -0.0010658338290697 -0.0018633650196821 -0.0002683026384574
0.0084999999999980 -0.0010535448686165 -0.0018372061474861 -0.0002698835897469
0.0083999999999980 -0.0010412534708446 -0.0018111261875970 -0.0002713807540923
0.0082999999999980 -0.0010289596350290 -0.0017851256220977 -0.0002727936479603
0.0081999999999980 -0.0010166633604441 -0.0017592049417711 -0.0002741217791171
0.0080999999999980 -0.0010043646463642 -0.0017333646463639 -0.0002753646463645
0.0079999999999980 -0.0009920634920632 -0.0017076052448629 -0.0002765217392636
0.0078999999999980 -0.0009797598968149 -0.0016819272557826 -0.0002775925378472
0.0077999999999980 -0.0009674538598926 -0.0016563312074659 -0.0002785765123193
0.0076999999999980 -0.0009551453805694 -0.0016308176383983 -0.0002794731227404
0.0075999999999980 -0.0009428344581180 -0.0016053870975360 -0.0002802818187001
0.0074999999999980 -0.0009305210918112 -0.0015800401446492 -0.0002810020389731
0.0073999999999980 -0.0009182052809209 -0.0015547773506818 -0.0002816332111600
0.0072999999999980 -0.0009058870247193 -0.0015295992981272 -0.0002821747513114
0.0071999999999980 -0.0008935663224779 -0.0015045065814228 -0.0002826260635330
0.0070999999999980 -0.0008812431734681 -0.0014794998073634 -0.0002829865395728
0.0069999999999980 -0.0008689175769610 -0.0014545795955346 -0.0002832555583874
0.0068999999999980 -0.0008565895322274 -0.0014297465787685 -0.0002834324856863
0.0067999999999980 -0.0008442590385377 -0.0014050014036214 -0.0002835166734539
0.0066999999999980 -0.0008319260951622 -0.0013803447308774 -0.0002835074594469
0.0065999999999980 -0.0008195907013707 -0.0013557772360764 -0.0002834041666650
0.0064999999999980 -0.0008072528564329 -0.0013312996100721 -0.0002832061027938
0.0063999999999980 -0.0007949125596182 -0.0013069125596179 -0.0002829125596184
0.0062999999999980 -0.0007825698101955 -0.0012826168079865 -0.0002825228124045
0.0061999999999980 -0.0007702246074336 -0.0012584130956221 -0.0002820361192452
0.0060999999999980 -0.0007578769506011 -0.0012343021808311 -0.0002814517203710
0.0059999999999980 -0.0007455268389659 -0.0012102848405106 -0.0002807688374213
0.0058999999999980 -0.0007331742717961 -0.0011863618709202 -0.0002799866726721
0.0057999999999980 -0.0007208192483593 -0.0011625340884991 -0.0002791044082194
0.0056999999999980 -0.0007084617679226 -0.0011388023307328 -0.0002781212051124
0.0055999999999980 -0.0006961018297531 -0.0011151674570716 -0.0002770362024347
0.0054999999999980 -0.0006837394331176 -0.0010916303499076 -0.0002758485163276
0.0053999999999980 -0.0006713745772824 -0.0010681919156131 -0.0002745572389518
0.0052999999999980 -0.0006590072615137 -0.0010448530856454 -0.0002731614373821
0.0051999999999980 -0.0006466374850773 -0.0010216148177254 -0.0002716601524293
0.0050999999999980 -0.0006342652472388 -0.0009984780970943 -0.0002700523973833
0.0049999999999980 -0.0006218905472634 -0.0009754439378565 -0.0002683371566704
0.0048999999999980 -0.0006095133844161 -0.0009525133844159 -0.0002665133844163
0.0047999999999980 -0.0005971337579615 -0.0009296875130145 -0.0002645800029085
0.0046999999999980 -0.0005847516671641 -0.0009069674333827 -0.0002625359009454
0.0045999999999980 -0.0005723671112878 -0.0008843542905114 -0.0002603799320643
0.0044999999999980 -0.0005599800895966 -0.0008618492665588 -0.0002581109126343
0.0043999999999980 -0.0005475906013538 -0.0008394535829049 -0.0002557276198027
0.0042999999999980 -0.0005351986458227 -0.0008171685023675 -0.0002532287892779
0.0041999999999980 -0.0005228042222662 -0.0007949953315992 -0.0002506131129333
0.0040999999999980 -0.0005104073299470 -0.0007729354236815 -0.0002478792362124
0.0039999999999980 -0.0004980079681272 -0.0007509901809405 -0.0002450257553140
0.0038999999999980 -0.0004856061360691 -0.0007291610580064 -0.0002420512141317
0.0037999999999980 -0.0004732018330342 -0.0007074495651468 -0.0002389541009216
0.0036999999999980 -0.0004607950582841 -0.0006858572719049 -0.0002357328446632
0.0035999999999980 -0.0004483858110799 -0.0006643858110797 -0.0002323858110800
0.0034999999999980 -0.0004359740906823 -0.0006430368830907 -0.0002289112982740
0.0033999999999980 -0.0004235598963521 -0.0006218122607767 -0.0002253075319276
0.0032999999999980 -0.0004111432273495 -0.0006007137946851 -0.0002215726600139
0.0031999999999980 -0.0003987240829343 -0.0005797434189179 -0.0002177047469508
0.0030999999999980 -0.0003863024623664 -0.0005589031576140 -0.0002137017671188
0.0029999999999980 -0.0003738783649050 -0.0005381951321564 -0.0002095615976536
0.0028999999999980 -0.0003614517898093 -0.0005176215692160 -0.0002052820104026
0.0027999999999980 -0.0003490227363380 -0.0004971848097574 -0.0002008606629185
0.0026999999999980 -0.0003365912037496 -0.0004768873191625 -0.0001962950883367
0.0025999999999980 -0.0003241571913024 -0.0004567316986556 -0.0001915826839491
0.0024999999999980 -0.0003117206982541 -0.0004367206982540 -0.0001867206982543
0.0023999999999980 -0.0002992817238625 -0.0004168572315159 -0.0001817062162090
0.0022999999999980 -0.0002868402673848 -0.0003971443924208 -0.0001765361423487
0.0021999999999980 -0.0002743963280780 -0.0003775854747939 -0.0001712071813620
0.0020999999999980 -0.0002619499051988 -0.0003581839947928 -0.0001657158156049
0.0019999999999980 -0.0002495009980037 -0.0003389437171036 -0.0001600582789039
0.0018999999999980 -0.0002370496057488 -0.0003198686856760 -0.0001542305258217
0.0017999999999980 -0.0002245957276899 -0.0003009632600579 -0.0001482281953219
0.0016999999999980 -0.0002121393630825 -0.0002822321587179 -0.0001420465674471
0.0015999999999980 -0.0001996805111818 -0.0002636805111817 -0.0001356805111820
0.0014999999999980 -0.0001872191712429 -0.0002453139214359 -0.0001291244210499
0.0013999999999980 -0.0001747553425202 -0.0002271385459349 -0.0001223721391055
0.0012999999999980 -0.0001622890242682 -0.0002091611908491 -0.0001154168576873
0.0011999999999980 -0.0001498202157409 -0.0001913894351224 -0.0001082509963593
0.0010999999999980 -0.0001373489161919 -0.0001738317888857 -0.0001008660434981
0.0009999999999980 -0.0001248751248749 -0.0001564979014765 -0.0000932523482733
0.0008999999999980 -0.0001123988410428 -0.0001393988410427 -0.0000853988410429
0.0007999999999980 -0.0000999200639486 -0.0001225474809465 -0.0000772926469507
0.0006999999999980 -0.0000874387928447 -0.0001059590520221 -0.0000689185336674
0.0005999999999980 -0.0000749550269836 -0.0000896519654402 -0.0000602580885269
0.0004999999999980 -0.0000624687656169 -0.0000736491055044 -0.0000512884257295
0.0003999999999980 -0.0000499800079965 -0.0000579800079965 -0.0000419800079966
0.0002999999999980 -0.0000374887533737 -0.0000426849057964 -0.0000322926009511
0.0001999999999980 -0.0000249950009995 -0.0000278234281242 -0.0000221665738748
0.0000999999999980 -0.0000124987501247 -0.0000134987501247 -0.0000114987501248